-3.530724391307920457e-02
-1.781077585666018537e-01
1.346694839089976614e-01
-4.150788971488149348e-02
-8.764496578826552753e-02
-5.451930934825430924e-02
3.947503450768624633e-02
-9.591337250560205696e-02
4.123640076353254913e-02
-1.085183199038931429e-01
-3.109991872626242937e-02
-2.138656581116837041e-01
1.125072343025588784e-01
-1.058207995444379081e-02
-2.647669853768182258e-02
-9.940563667690273386e-02
-7.884209691997660918e-02
-1.185044171339549035e-01
1.419212541705287545e-01
-2.955907195022007550e-02
-5.001636581963710138e-02
9.448198300009594264e-02
-4.675937349104503093e-02
-3.725330449938173139e-02
-8.769690358555887189e-02
-3.255171379322590458e-02
-4.316857821644057291e-02
1.177671789971186309e-02
2.845138913328970620e-01
-2.316367881335528178e-01
5.481386662148601124e-02
5.906293608455372851e-03
1.122592820068509661e-01
-1.256431296071759685e-01
1.508323708673844216e-02
-1.418021235074273800e-01
-1.208664013014199984e-01
-3.972191253663361066e-02
-4.320267441837680883e-02
1.698099511786113902e-01
-9.362680484523897007e-02
8.400831935293767705e-02
5.150711283595382772e-02
7.549391265831140174e-02
3.424957707394352818e-02
-1.821184992468538252e-02
3.874097548394603296e-02
1.217334469819809500e-01
-9.988306053404111262e-02
-8.611358497548170232e-02
