1.990049715086726900e+00
1.992945141948866183e+00
2.035580451378229849e+00
1.970996156534613686e+00
1.841149579349344201e+00
1.900178835713041137e+00
1.881987307480136096e+00
1.887599975983883738e+00
1.933525991673380906e+00
2.123555325903866198e+00
1.970939098089165231e+00
2.001424178255049036e+00
1.983466508128521655e+00
2.111055506992479458e+00
2.085581241067076874e+00
1.973751779129274020e+00
2.013052813853574818e+00
2.014697486576556784e+00
2.105489471720691341e+00
1.953321415985900700e+00
1.880993300281748937e+00
1.746067844319164841e+00
1.810065534300729473e+00
1.892786669208228911e+00
1.882121894780287796e+00
2.064608681989985151e+00
1.960816395768815168e+00
1.865353912541093173e+00
1.904784862756476294e+00
2.050609309103595734e+00
1.808621446082839590e+00
2.092280038717417856e+00
2.122864187637705236e+00
1.874209411337556697e+00
1.907754294545982443e+00
1.796515509142607936e+00
1.934143861261355068e+00
2.038983350721836452e+00
2.102507007126320104e+00
2.029723556512335492e+00
2.063142079290515962e+00
2.063611311942463722e+00
2.106412990544450192e+00
1.986086147991407813e+00
2.074739674945003998e+00
1.961041631776778260e+00
2.071620870917634694e+00
2.095175940490690447e+00
1.963570948796314664e+00
2.066337489918985248e+00
2.035956525473868961e+00
2.041650745018900537e+00
2.059689302779101894e+00
1.988082335388569266e+00
2.018035084730226192e+00
1.896534947009986150e+00
2.103212509928756191e+00
2.061532298174375111e+00
2.058291470244578036e+00
1.962295936275826991e+00
1.893933144079790853e+00
2.089614285178146957e+00
2.016444608516786197e+00
2.051144074540868445e+00
1.969808013607240449e+00
2.071060171303860109e+00
2.019039415677667204e+00
1.953878795100760346e+00
2.183161240715966400e+00
2.131477301264877333e+00
1.889475139888062927e+00
2.015004927059127926e+00
2.030904629392440430e+00
1.879205603221810517e+00
1.914885249386234944e+00
1.945392855126804266e+00
2.196400215690125890e+00
2.127861843505878259e+00
2.094263400367719630e+00
2.116394459463000643e+00
1.972150317080090254e+00
1.789660494468816587e+00
1.988528907371616805e+00
1.860385309972220735e+00
2.061005709437285560e+00
2.062891037543588713e+00
1.920392134583338795e+00
1.978482859498699398e+00
2.070494872976064826e+00
2.103316848545127016e+00
1.915554928140373203e+00
1.924999826587300067e+00
2.030066286789461216e+00
1.977323797286582696e+00
2.063522266353724710e+00
2.014047097355295968e+00
2.065195578817161426e+00
1.966203830364139371e+00
2.068364094599822955e+00
1.973704569218239557e+00
2.026095424146145518e+00
1.912091431587211954e+00
1.864013816317231287e+00
2.068877931596390773e+00
1.954376479691459778e+00
2.144162751247289833e+00
1.924726637095295567e+00
2.136935769542453123e+00
2.085448687701543236e+00
1.971290937294909895e+00
1.917276791536379310e+00
2.022298615277242639e+00
2.015204164602831138e+00
1.890536742986872243e+00
2.110822461477457335e+00
2.238783586978909224e+00
2.095799703483543830e+00
1.975513313581152230e+00
1.887938090828317428e+00
1.898048865325852042e+00
2.051161074437238163e+00
1.945150910951194634e+00
1.795192118730542630e+00
2.212413505426962246e+00
1.769369765213329115e+00
1.777119261008211382e+00
1.995701080303086572e+00
1.865552205063307101e+00
2.064452669663203288e+00
1.913313504143179467e+00
2.151013602251722556e+00
2.111770474187619318e+00
2.062899872826164938e+00
1.994356012712581672e+00
2.025953174223099396e+00
2.090729263209937905e+00
1.962436321967726549e+00
1.981611349971514668e+00
2.096834124661359322e+00
1.996474374430391441e+00
2.021282658245307839e+00
1.987862270543762966e+00
1.887880055448557082e+00
2.092014960903339382e+00
1.897315686425761205e+00
1.995088175414521325e+00
1.900709864334124255e+00
2.072556657487477860e+00
1.963018645505897775e+00
1.957014104024809020e+00
1.931346298148314045e+00
1.944750201790279576e+00
2.041370957926221141e+00
2.178791929839193564e+00
1.965152271206552115e+00
1.978062092919165016e+00
2.155745272175112248e+00
1.845140259788590642e+00
2.034943043038691002e+00
1.990457878871600750e+00
2.085548379264614116e+00
2.064616623624419223e+00
2.061811565461607376e+00
1.908834450325436416e+00
1.958345537844130124e+00
1.942540868688282574e+00
1.920317367159141364e+00
2.022958620196757096e+00
2.010657432147890056e+00
1.846613737694733359e+00
1.999276064100620198e+00
2.189369405393969181e+00
2.002481653995492383e+00
2.004615917493175026e+00
1.843142809706635132e+00
2.085838247282635560e+00
1.939623417389976012e+00
1.747491374113284923e+00
1.891253607572533024e+00
1.982169343498333181e+00
2.007935357308015867e+00
2.015788520824545405e+00
1.919742302089738173e+00
2.175043882422112329e+00
1.716941982514034404e+00
1.962365155846290898e+00
1.979524834396796606e+00
2.107989749674150648e+00
1.846130253245731989e+00
2.077392163968633465e+00
1.825681853306565516e+00
2.138254787339838536e+00
2.258937873722313139e+00
2.103492229267930114e+00
1.951818166324137405e+00
1.963823142479873329e+00
2.007901346036968793e+00
1.782875450323536670e+00
2.128579463777998004e+00
1.959470711569471613e+00
