1.888907576046092163e-01
3.372770500861898002e-01
6.078014409666767648e-01
4.883885970476678495e-01
7.244163542300259273e-01
2.284797864374629728e-01
5.158316002088896290e-01
3.979866771110890378e-01
5.669655987604258485e-01
6.585562742300453687e-01
5.753775664313426352e-01
6.776238899451243469e-01
4.884187180040714948e-01
4.820259076400030263e-01
5.557462080930186676e-01
3.679914628007078248e-01
3.214985043210495941e-01
4.516650280684513796e-01
5.053808421921287541e-01
7.151345685701565591e-01
6.704094275554610682e-01
3.582752034197409507e-01
8.609892530137843725e-01
4.016635053930501797e-01
4.013052048310582487e-01
6.860650664178800096e-01
6.008909106634846564e-01
5.715385454183780078e-01
2.085467946678448703e-01
6.663834780033437433e-01
5.802819016507236860e-01
6.827642696308190429e-01
5.999767841117060740e-01
5.879742833304131278e-01
6.801173973394046834e-01
8.215300287731097661e-01
5.233892938626999447e-01
3.511278688617088806e-01
4.526760990416786035e-01
7.388780945782672527e-01
3.280742379825539734e-01
5.666355810631061862e-01
5.823326040129699344e-01
2.417115383059644795e-01
4.922864919627240043e-01
6.479557852472883628e-01
6.375489617961398459e-01
4.646833280918305498e-01
2.979907222139005496e-01
2.246016987469112713e-01
5.358153842602325634e-01
1.097823199990408227e+00
4.829747315893687665e-01
2.983648711369387696e-01
5.103755893171179059e-01
7.334047892450255013e-01
2.026886877233586848e-01
7.275785586435018493e-01
5.573317888636251105e-01
2.538215449361181930e-01
3.792652695672444896e-01
4.208690882821988222e-01
3.772176471697019640e-01
2.682772304530486318e-01
6.039087048806143221e-01
4.094425895116780012e-01
2.379120535869302944e-01
2.878045636880933733e-01
7.631542573244272099e-01
5.462873919074753282e-01
4.596864585723978713e-01
3.777773824356490673e-01
4.446584898444135847e-01
1.823153292011465143e-01
6.135334596925023920e-01
3.638356522613470090e-01
5.662003291214454670e-01
4.916092121498856216e-01
3.113071983312948321e-01
7.062099770586466319e-02
1.943821933796749390e-01
5.203813952878075799e-01
3.641728434005085391e-01
7.083789631741566062e-01
3.630868578613797304e-01
3.067115735218909345e-01
5.542225381307520626e-01
7.003281358594029005e-01
3.998131797000518683e-01
3.832096891505425984e-01
3.804603497137780677e-01
1.697756346406011363e-01
2.550298680081492519e-01
5.908759446439075802e-01
4.023483304685177009e-01
5.636757478085940853e-01
6.158242360005528049e-01
4.190221525326380259e-01
6.820100352134323973e-01
7.097695770028750184e-01
3.948645949885692952e-01
3.268783144299658439e-01
7.297666305464655112e-01
2.058894593179499410e-01
8.328306673456906672e-01
4.790656358297835093e-01
7.585875892229110296e-01
5.648565406293075686e-01
5.424296040735873126e-01
6.674694533107701222e-01
4.648006955115165928e-01
7.568354766368651232e-01
2.675925908802609943e-01
7.361969846082733193e-01
3.029868591480280871e-01
9.202417705181402674e-01
3.283410088531388826e-01
5.246051598534079430e-01
5.829017131724821832e-01
4.141284395384303152e-01
8.369039039120219625e-01
6.347593234920213545e-01
6.600175761838040778e-01
5.152702721815354270e-01
5.493877456543375670e-01
1.903524439375612332e-01
8.687188730221686583e-01
3.994376508036846518e-01
7.854970938283029058e-01
7.633149977346493920e-01
6.995100088039382102e-01
2.760127142930826061e-01
3.896829984816683190e-01
4.284508941328906140e-01
4.640364776021802529e-01
7.793884795674189681e-01
3.777407457713385375e-01
5.195273606404900990e-01
6.223096843547977208e-01
3.057894722239992147e-01
3.933877900587922083e-01
3.769480000391265406e-01
4.127169567669148331e-01
9.180701240743915914e-02
4.921137780227536340e-01
7.612694645083379896e-01
5.265934463360218976e-01
-6.114978483208355353e-02
3.052457016446491478e-01
8.493374496342547264e-01
4.303846973018546906e-01
6.615890679847972189e-01
5.498577788806484623e-01
6.254369939184618588e-01
6.937410783987375540e-01
3.007989310485530421e-01
4.506271251584150761e-01
6.233564273072107476e-01
7.772153896656186500e-01
5.836267004060284869e-01
5.267265806859117161e-01
4.367656943269774272e-01
3.472940943914424317e-01
2.776039705647730393e-01
3.906889894625009130e-01
5.593734042654221472e-01
4.637931011107956358e-01
4.164493367129158408e-01
3.346625223432733165e-01
5.671702498017630045e-01
4.423488703190548987e-01
6.717936413829036502e-01
2.142761339807183196e-01
4.406880081944577476e-01
5.949307173573279428e-01
6.265373856179681233e-01
5.226946105603981207e-01
6.133245551513799576e-01
3.554264197679985471e-01
4.707944649254351410e-01
1.005573676444914799e+00
5.091948735864838538e-01
4.048701846908595581e-01
4.549460923342270591e-01
4.209826004451329151e-01
6.412786264736791697e-01
5.666512384826150051e-01
5.524718244310292681e-01
6.558291341721776968e-01
2.131925955608858225e-01
7.137482511812871522e-01
4.789028419646143009e-01
4.473500877448224888e-01
4.523880647643176434e-01
3.451412881559221546e-01
4.470073781587234341e-01
8.491923322487350267e-01
3.235805339162676764e-01
3.361471965040760956e-01
6.967868522903267747e-01
