-6.395592022453887781e-04
-1.048219235973967128e-01
-1.357738067049614750e-01
6.316180579189223723e-03
1.267991971588706412e-01
1.139711976801889987e-01
-4.066407668664154262e-02
-8.675772152630607803e-02
-1.213455100632537635e-02
1.309989159507203016e-01
5.770693187406825131e-02
-5.952179546134980792e-02
-8.517539550778363208e-03
-4.013142508173253575e-02
-1.178587653404818969e-01
1.544014277890229658e-01
5.849543106863452913e-02
1.441864302158642475e-01
6.802457789429908414e-04
-1.659468756124198308e-01
-4.084283761271172153e-02
-1.562910948739313147e-02
1.010285357135319063e-02
1.611590227359692776e-02
-5.850032126796087971e-04
-5.265895292458303012e-02
-1.094715426707628947e-01
-1.545128621879324204e-01
-9.305025378535908970e-03
8.775519052507693707e-02
-2.862879689198135139e-02
-1.267487657705007043e-01
4.246030208244786462e-03
-8.985551217956921910e-02
2.259978587663924454e-01
6.475943272731228724e-03
1.574818220681500555e-02
1.815539038949630368e-01
-3.366943340636664728e-02
2.257507772890262610e-01
-1.029150757807024974e-01
1.661941293408277995e-02
-1.121666562805471445e-01
-4.480769857167968273e-02
6.631084348139823503e-02
-1.972870451906753031e-01
-3.169923162953599410e-02
-1.597042218578223829e-02
-1.165479612276334965e-03
7.209140454847000334e-02
-1.177050830178978935e-01
-1.476904509510676700e-01
-8.196166971987894900e-02
-4.226672455083860247e-02
-9.434727589506074555e-03
1.854635025439477225e-01
2.720982754605937859e-01
-2.917760053725571706e-02
4.286041278812388611e-02
9.954893755740057415e-02
5.293719393549535523e-02
1.763816539516037674e-01
3.848069130807371674e-02
1.819678037456936561e-03
-8.059844786224334978e-02
-5.761035585881504190e-03
1.309664501066278297e-01
1.323432625007433250e-01
-7.666702352038973559e-03
6.735652980091680342e-02
-6.916306696667914866e-02
8.946664138050275383e-02
8.653593814265346518e-02
-1.754337751670176360e-01
-1.515064693621232320e-02
-9.249268446817816847e-02
-6.094923495962431548e-02
3.420218745349892092e-02
1.588063876335455149e-01
-1.178981151044609793e-01
2.561423818630262014e-02
-2.494230848176837503e-02
-1.995883533042401570e-01
6.746050312668602777e-02
-6.671106569616315485e-02
1.179521954956997548e-01
6.474250790817717705e-02
1.066137934829061440e-01
-1.276817354142828209e-01
-2.184346319689904059e-01
-1.350438594412489424e-01
-1.217731117632324528e-01
-3.710933657617752901e-02
1.598732103900389265e-02
8.172228787435613373e-02
-5.584797710661276726e-02
5.444097474036137252e-02
-5.843024509103513517e-04
7.672438114272044085e-02
1.223695315562585428e-01
2.368863513139326301e-03
5.274700673123543931e-02
-1.285295606587968237e-02
-4.946760405236848117e-03
1.916632877040833349e-01
-3.304105287628594095e-02
-9.664545078190475008e-03
-5.148552035190517850e-02
-8.808208603015826865e-02
1.535712915896954300e-02
-6.325091053770655379e-04
5.023926441373000040e-02
1.606004677479849763e-01
6.668027573071255709e-02
-5.978565706266948665e-02
9.949411135355232250e-02
7.934606169131723508e-02
-6.326202143396121753e-03
3.762084782726179272e-02
-1.707090323167771428e-01
6.882046696606288448e-03
-1.768911948466392048e-01
2.612951766117851092e-03
1.299571126205716076e-01
-6.351740010591148955e-02
-1.595638834672682971e-01
-4.622075636151311284e-02
-1.972217106250030716e-01
1.076253143921595268e-01
6.755438875305265663e-03
6.860342629909904621e-02
1.037446768922977713e-01
7.357497311131047657e-02
1.912384240101158706e-02
7.748610424242379034e-04
-9.226939977280615782e-03
-9.639532291600168279e-02
1.393774995912445969e-02
-1.650596699567135894e-01
-1.271526100330130360e-01
-7.321056039275208871e-02
-9.721334239575607494e-02
-4.395739371173527227e-02
-1.745863624215156507e-01
4.871120483487766800e-02
8.238503446277224695e-02
8.874480768089755556e-02
1.836618288762897899e-02
4.092108794362220303e-02
7.188135494796762948e-02
7.044139467807734867e-03
-9.827277198304212869e-02
-2.104307737394356739e-02
8.376935608927803256e-02
-1.203905219909967919e-02
-2.080240842652128497e-01
-5.244203471347045481e-02
6.230882712164742543e-02
-6.298188690723413585e-02
5.582051454343215811e-04
2.047602779305210396e-02
-8.690907984832850486e-02
-6.231322818761293736e-02
-2.886023604344343380e-02
4.788918656314234551e-02
1.990628033633280031e-02
-6.137361170788653564e-02
-6.957698501413815857e-03
-7.508502631229194146e-02
1.885349867960564307e-01
-9.479621653392933389e-02
1.089322593579051396e-02
1.768160266942543982e-02
-6.964287623901489060e-03
-8.441396529267042315e-02
-8.157945365415121552e-03
1.421539817554772767e-01
2.969754378384361140e-02
1.430790195760388295e-01
1.313755881949295670e-02
-1.896602751043159792e-03
-4.227880787164006726e-02
-1.938438340927966519e-01
1.120246344998660493e-01
-2.356771958936786093e-02
4.628340224012179177e-02
1.388109999286957219e-01
9.070014154914164337e-03
1.155962681516088247e-01
1.824340404557818138e-02
3.787599679958106313e-02
9.294289769936311951e-02
-2.461939189963483765e-01
-7.894284423967196096e-02
3.477120387337020307e-02
3.684046718443238777e-02
-1.447396863465035544e-01
-2.558450091438108781e-02
7.684970687183096186e-03
-3.439454699471453797e-02
1.087554234840401590e-01
1.232111865094201453e-01
9.736077981356333622e-02
3.197770609192084057e-02
-8.801958127681236421e-02
1.933942621188952937e-01
-3.761880504767192018e-02
1.039597881618514741e-01
-3.742051959654930232e-02
-2.574754771136082004e-02
1.793985186691098299e-01
-2.488546223352547659e-01
-5.393548076305364897e-02
3.206625568878645333e-02
-2.071855408263802989e-01
-1.618657472539654918e-01
-8.256250937542275459e-02
-5.863945379873032604e-02
-2.067989050457845757e-01
-1.047733283845022900e-01
-9.585943206938551953e-02
1.656565408606639964e-02
4.761782882733994055e-02
8.354562709976699753e-02
-2.266765752675351658e-02
-6.029320544885673899e-02
-9.847874908567894048e-02
-1.007682423539758426e-01
5.177365977295429744e-02
-1.325758531985867517e-01
4.880543570456533781e-02
-8.955882265534783476e-03
2.740816136612274356e-02
-1.125920143772642379e-01
1.569017622121330474e-02
1.443533540413106386e-01
1.593117517177079778e-02
3.176490689273053086e-02
1.417501791143409946e-03
5.931253725335381560e-02
5.290321321400680982e-02
5.061651469907547940e-02
2.999246003766868618e-02
1.200067126262717720e-01
-5.932504599760344416e-02
1.933499977101924838e-01
8.461462414059289783e-02
1.279119336122596373e-01
1.451741223042445905e-01
1.876229417966377433e-01
-1.569428321379876673e-02
-6.815929764716135986e-02
4.122406388109634001e-02
1.642853137978277089e-02
-4.421103665947609396e-02
-1.876640688447835936e-01
2.790084446264182692e-03
1.754315571195949053e-01
-2.034003278761848665e-01
1.120461791975658761e-01
3.486141851457991159e-02
-9.644860141247629803e-02
-4.671190061492398043e-02
-1.816186173747018906e-01
-3.478598418427669009e-02
1.245091154163907171e-01
1.100100716853444766e-01
1.405501361093230428e-01
2.265101827823247718e-02
-2.868624368883292142e-02
-1.869902718514067363e-01
-8.342440999759037634e-02
3.564493936386789463e-02
-5.386665313118368589e-03
-6.219767087769247083e-02
1.895862564863266819e-02
-7.898472858509039685e-02
6.410566659136854306e-02
1.599805979278053625e-01
-1.188745427583900033e-01
3.257910013977160374e-02
-8.776102325708541596e-02
1.054271584014781493e-01
4.983621238302721190e-02
-7.161281441379818702e-02
-1.529513697489409685e-01
5.254840047016506172e-02
1.753416417265600824e-01
-5.162127865825474893e-02
5.589651277787576963e-03
-2.657854605652150426e-02
-4.676175609437307340e-02
4.811718723606895481e-02
-1.062769619319668540e-01
-1.633176328041254510e-01
-5.781512967937559033e-02
2.001948132893609667e-03
2.157707305290205990e-02
1.045292084442666081e-01
-1.471341342062653518e-02
-8.518871561017800353e-02
3.110889070114743367e-03
1.781832329486326971e-02
1.448220522899994200e-01
-2.400018019090096807e-02
9.751465706903943154e-02
-4.741316204459710554e-02
4.677860406665306642e-02
-5.709893025769522540e-02
1.000845545496456546e-01
2.256223983119035048e-02
1.467269493467153463e-01
5.905828190501772462e-03
9.727919223817693695e-02
-6.614625567064745526e-02
6.172647770808573769e-02
-6.320375710441293593e-02
7.979457599256958855e-03
-9.098065783029973819e-02
-1.508522506976816072e-02
1.492068508804176089e-02
2.124339285116792417e-02
-2.330060836673562563e-01
-1.931140770225990844e-01
-4.628720294640692456e-02
7.418388852530807820e-03
1.247942419903451949e-01
-1.343473524281435239e-01
2.675134036336614118e-02
-1.891008174832396749e-02
2.114369328523042491e-01
9.847387770770948956e-02
1.044162504517144596e-01
-1.389214767099838932e-02
2.065227229328963077e-01
1.873120370166048154e-02
-1.291351042791341608e-01
-2.305121687087814675e-02
1.625558263695960418e-02
-1.390806986975764992e-02
8.747090212359794059e-02
-6.652696112331164813e-02
-1.036437028455319959e-01
1.437281547246112012e-01
-2.452571189903288151e-01
-4.303364263084045495e-03
-1.401499394431118539e-01
9.652621193514614173e-02
4.592354951839433541e-02
6.283446269777077930e-02
-8.591435201710309610e-02
1.219490338279305697e-01
6.361227158418129857e-02
-3.256927357562682673e-02
-3.111882548790862596e-02
4.214034852818836219e-02
1.095144003592042441e-02
-1.162418148194136330e-01
-5.065824901539589531e-02
6.424308101558594318e-04
5.253542599470718832e-02
-7.677861140264430340e-02
-1.493023531761610567e-01
-2.457874913649427031e-03
-3.612039095861515475e-02
-3.635081961388719751e-02
5.854598148803275004e-02
4.159159068754391536e-02
-9.170681644293157686e-02
1.140944273194874903e-01
-1.711068468835423295e-01
9.229797496745761887e-02
5.890185632415523287e-02
1.078531582838997416e-01
-9.198522076883355880e-02
-1.375073127218489621e-01
9.954791195218906652e-02
-3.998409232142470515e-02
8.479799475953055110e-02
-6.084902417913621436e-02
-3.254384672145762408e-02
9.016311002102803118e-02
-1.911058206161625819e-02
-1.142722972446165025e-01
-2.301191144338747552e-02
1.038483355638045343e-02
8.512734576217684257e-02
-8.510602565487497551e-02
-2.576431533193035972e-01
6.493572398895128273e-02
7.180940160270682382e-02
1.321202861647241267e-01
2.500372935715199363e-01
4.871122106492817988e-02
-8.045784187756961289e-03
-1.274345135167024023e-01
-2.005785117711364196e-01
6.989350323765787694e-03
5.249076447047436485e-03
-1.534486326842777852e-02
8.983190784825195729e-02
-2.363890455757251124e-02
4.761767637867119624e-02
3.666371190886485304e-02
-3.819965644725618198e-02
5.750044717251706627e-02
-1.282451979742902648e-01
-5.369848698350855598e-02
1.728544577482802047e-01
-4.573060032817648918e-02
-8.732215137572038599e-02
9.442468578172341642e-02
7.439608041916967625e-03
7.828317341635708526e-02
1.148545868627565691e-01
-7.480941026062538912e-02
-1.404546390832346059e-01
-6.804623103155023334e-02
2.667597634629020886e-02
1.225882350747737048e-01
1.352893545322828295e-01
-7.414584637811540146e-02
-8.255254835109654410e-02
3.567553275473147462e-02
-4.443419408096618839e-02
-1.307135848168719527e-01
3.165591887068140015e-02
-3.485848010309603590e-02
5.074494421384228432e-02
-1.047836164539500958e-01
-6.563271015063470992e-02
1.403374794963821726e-01
8.655157347192497796e-02
5.326359575801827007e-02
-1.636803186885524980e-02
8.325464406530679040e-02
-1.601108510786631092e-02
-7.172006113815918016e-02
-1.284035574237966937e-01
-1.993515883132713218e-01
5.321091318564237505e-02
-3.582981806923234147e-02
-3.658071911005326970e-02
3.982906077769663572e-02
1.446053252142500689e-01
-7.208261846337930823e-02
9.198004109404504802e-02
-2.184645953976287192e-01
8.855515599253344083e-02
-1.208916688119814897e-01
1.931943801896126786e-02
-2.078367014384895767e-02
-8.436009322804401134e-02
7.281393950701246787e-02
-1.910880374407096516e-01
-2.903441441299428258e-02
1.263465186252552275e-01
6.854532341552592445e-02
1.869919408410012640e-01
-3.518969814870446383e-02
-1.741313481480750713e-01
-8.401507258229862218e-02
2.570602546146147013e-02
1.671422715356726540e-01
-1.202239324306197477e-03
3.324375097402284401e-02
-1.117265702933930432e-02
4.456007695683773806e-02
-1.316349568009174235e-02
-4.483728721714383414e-02
-1.091822448056958966e-01
-7.504081750632371484e-02
-2.449097700306215875e-02
-6.409525107719458992e-02
-4.114368672734983190e-02
5.859182850172374446e-02
1.528101436805588964e-01
-1.699991284014827284e-02
-1.205225013540137807e-02
-1.473148107467756388e-02
1.744019854090634800e-02
1.867514460306712865e-02
-1.210010148235797500e-01
-1.966764731124635152e-02
-9.826381820496724734e-03
9.444389983107691344e-02
-5.363062712071395288e-02
8.179828880168571459e-02
2.102324088304296026e-02
-6.397101268483217085e-02
-1.213701699075219881e-01
2.736112522166854813e-02
5.777665020549030417e-02
1.155878412116013998e-02
-1.620986947504586898e-02
-3.428616107684756553e-02
4.459518528518327529e-02
-4.641132849286975365e-02
-1.479304564936079203e-01
4.389487635570425705e-02
